Algorithm:LRU
0,0.009677419,16.45906943044355,14171 1,0.0033898305,17.361226606638414,4830 2,0.0034129692,17.01016002737486,112654 3,0.0063897762,16.858457717651753,62186 4,0.0065789474,16.37702700966283,69993 5,0.0031746032,16.165676669973543,11950 6,0.0069444445,16.47152483904804,33645 7,0.009063444,16.820801272973316,91632 
8,0.0,16.260942338823202,0 9,0.013559322,16.92295087394067,142900 10,0.0031847134,15.708269058519134,3517 11,0.0064102565,16.038455278445515,11173 12,0.0033898305,16.592500882768356,1618 13,0.0032573289,16.69434548045602,386 14,0.0,16.77389475334449,0 15,0.009287925,16.10471995130287,74921 
16,0.0,16.37981416524944,0 17,0.015923567,16.930695163216562,27113 18,0.0,16.939094847353235,0 19,0.003267974,16.47876668028323,25728 20,0.0031847134,17.107266371417193,49729 21,0.010344828,16.99080010775862,86269 22,0.00729927,16.820791276992093,12561 23,0.010067114,16.529875821448552,20343 
24,0.006688963,17.951083690426408,31599 25,0.0,16.569432831661093,0 26,0.0034482758,16.764185973419536,15489 27,0.0,16.778794297226913,0 28,0.016666668,16.504193793402777,68553 29,0.0077220076,16.704541455518008,24692 30,0.0035714286,16.12848656063987,8440 31,0.0032258064,16.290049563172047,5487 
32,0.0033557047,16.358626739024043,99874 33,0.0034129692,16.65001066552902,9966 34,0.0036101083,16.532117272111925,12661 35,0.006451613,16.13385206653226,66936 36,0.006535948,15.982117630038115,12800 37,0.0,16.96226936284175,0 38,0.00754717,15.611519752358491,17857 39,0.003322259,16.546974494739754,43966 
40,0.014134276,16.17477708149294,97826 41,0.0,16.788611860409898,0 42,0.006329114,16.273188208728904,26029 43,0.0100334445,16.07339133918616,70738 44,0.003215434,16.51107084840568,6997 
Algorithm:KNAPSACK
0,0.12258065,15.330037172379026,66373 1,0.07118644,16.683260504943497,33057 2,0.11604095,15.88388016389363,54430 3,0.11821086,15.740246855031947,62030 4,0.108552635,15.357290167557565,55890 5,0.11746032,15.022819527116402,66053 6,0.13194445,15.22152483904804,49656 7,0.12688822,15.642553538834338,73688 
8,0.10810811,15.179861257742122,42293 9,0.14915255,15.567018670550857,67195 10,0.12420382,14.498077975716578,62277 11,0.13141026,14.788455278445516,74781 12,0.13220339,15.304365289548018,66348 13,0.14983714,15.228547434853418,58528 14,0.16722408,15.101653950668897,84430 15,0.13003096,14.897289610745602,61215 
16,0.11904762,15.189337974773235,56039 17,0.11464968,15.943434016719747,54989 18,0.10377359,15.901358998296624,45897 19,0.14379086,15.073537922113287,73255 20,0.089171976,16.247393759952228,45292 21,0.113793105,15.956317349137928,48399 22,0.13138686,15.579915364583329,66008 23,0.110738255,15.523164412052573,62866 
24,0.11371238,16.88084957671404,48890 25,0.09698997,15.599533166109248,46893 26,0.13448276,15.453841145833344,58943 27,0.0945946,15.832848351280976,39309 28,0.083333336,15.837527126736108,41556 29,0.13127413,15.469020219996782,54161 30,0.13571429,14.807057989211302,55348 31,0.1,15.322307627688179,42136 
32,0.11409396,15.251244188688474,61969 33,0.0784983,15.899157423208191,36658 34,0.15162455,15.051972867779794,60091 35,0.11935484,15.00481980846775,58295 36,0.10130719,15.034405211737463,51933 37,0.13564669,15.60580248587014,65321 38,0.116981134,14.517180129716978,54797 39,0.11960133,15.38418379706533,56103 
40,0.12720849,15.044035032022984,43939 41,0.104234524,15.746266583536928,53769 42,0.10759494,15.26052998088081,51923 43,0.12374582,14.936267593366765,54244 44,0.1221865,15.3213602374732,64291 
