0,0.6938776,6,891280 1,0.6086956,6,800207 2,0.6785714,6,986368 3,0.64285713,7,835835 4,0.625,6,508140 5,0.53333336,6,810020 6,0.68292683,7,1093221 7,0.4,5,641017 
8,0.5405405,6,542191 9,0.55263156,6,1044064 10,0.4642857,7,771326 11,0.35,5,611754 12,0.5641026,7,1019957 13,0.35135135,5,722422 14,0.32352942,5,530446 15,0.34285715,6,957683 
16,0.3243243,5,582336 17,0.3548387,6,697849 18,0.5,7,777633 19,0.27586207,5,568559 20,0.33333334,7,994684 21,0.30769232,6,975467 22,0.18518518,5,537753 23,0.41379312,7,1317583 
24,0.29032257,6,903341 25,0.22727273,6,683286 26,0.35,7,705274 27,0.23076923,6,841286 28,0.18181819,6,776158 29,0.17857143,5,538624 30,0.115384616,5,787175 31,0.22727273,6,771222 
32,0.18181819,6,761203 33,0.15,6,986517 34,0.17391305,6,684477 35,0.0,6,769963 36,0.1904762,6,902017 37,0.08695652,6,539755 38,0.037037037,5,959008 39,0.16666667,6,1043816 
40,0.15,6,1077468 41,0.045454547,6,947381 42,0.13043478,6,970285 43,0.045454547,6,847825 44,0.08695652,6,961142 45,0.13333334,7,938393 46,0.05,6,773250 47,0.2631579,7,960484 
48,0.0625,7,947988 49,0.0,7,641940 50,0.1,6,1066615 51,0.05,6,982568 52,0.05882353,6,737268 53,0.15,6,891599 54,0.0,6,913846 55,0.15,7,957748 
56,0.07692308,5,707375 57,0.071428575,7,1063368 58,0.0,7,991145 59,0.04761905,6,983663 60,0.03846154,5,806507 61,0.0,5,776898 62,0.0625,6,791197 63,0.05,6,713088 
64,0.04761905,6,668275 65,0.0,5,754882 66,0.0,5,972401 67,0.0,5,761835 68,0.045454547,6,656631 69,0.0,5,678118 70,0.0,6,909066 71,0.041666668,5,761087 
72,0.035714287,5,625772 73,0.0,6,786169 74,0.0,5,717291 75,0.0,6,761817 76,0.05,6,734319 77,0.0,5,648941 78,0.041666668,6,810415 79,0.0,6,888267 
80,0.06666667,7,925978 81,0.0,5,684506 82,0.0,6,820622 83,0.05263158,6,522856 84,0.0,6,1014296 85,0.0,6,758542 86,0.0,6,749572 87,0.0,6,769623 
88,0.0,7,843756 89,0.0,6,905702 90,0.0,6,681549 91,0.0,6,893471 92,0.04347826,6,912502 93,0.0,6,785910 94,0.0,6,861733 95,0.0,6,643697 
96,0.0,5,555061 97,0.0,6,1002013 98,0.05,5,754327 99,0.0,5,782210