0,0.6363636,6,203797 1,0.4814815,5,235141 2,0.7,7,440619 3,0.5263158,5,231639 4,0.64285713,7,241603 5,0.7083333,7,472411 6,0.5,5,222670 7,0.46153846,6,382039 
8,0.2857143,5,265841 9,0.54545456,6,512066 10,0.27272728,6,420780 11,0.6363636,7,143957 12,0.29411766,5,492171 13,0.3,6,471025 14,0.5555556,7,168689 15,0.4,5,146271 
16,0.42857143,6,426502 17,0.5555556,8,308149 18,0.27272728,5,193232 19,0.1,5,275042 20,0.375,7,384913 21,0.3,6,231958 22,0.06666667,4,268763 23,0.33333334,6,286809 
24,0.41666666,6,455176 25,0.53846157,7,493419 26,0.22222222,6,453430 27,0.27272728,5,284075 28,0.2,5,384055 29,0.2,7,327241 30,0.125,6,325108 31,0.0,4,197750 
32,0.25,6,336099 33,0.33333334,7,205423 34,0.0,4,156811 35,0.0,6,208509 36,0.125,6,401093 37,0.14285715,6,331988 38,0.11111111,6,358534 39,0.0,6,326007 
40,0.2,6,412658 41,0.07692308,5,239913 42,0.0,6,242741 43,0.0,7,340494 44,0.2,5,266342 45,0.0,7,554757 46,0.0,6,281204 47,0.2,6,491902 
48,0.0,4,317625 49,0.2,8,414197 50,0.16666667,7,441074 51,0.0,6,403344 52,0.0,6,250593 53,0.2,8,324413 54,0.14285715,7,225905 55,0.0,6,235656 
56,0.14285715,7,370105 57,0.125,6,223258 58,0.0,6,376305 59,0.0,8,325246 60,0.33333334,7,324709 61,0.1,5,189563 62,0.0,6,657007 63,0.0,5,255478 
64,0.0,6,200033 65,0.0,7,498213 66,0.0,6,351660 67,0.0,7,302095 68,0.0,4,152214 69,0.0,7,291559 70,0.0,5,217680 71,0.0,6,400311 
72,0.0,6,476487 73,0.0,5,340871 74,0.0,5,142949 75,0.0,6,178485 76,0.07692308,4,310823 77,0.0,6,306871 78,0.0,6,271432 79,0.0,6,352428 
80,0.0,5,392350 81,0.0,6,381473 82,0.0,6,252826 83,0.0,6,225266 84,0.0,5,410970 85,0.0,7,389560 86,0.0,5,339081 87,0.0,6,258692 
88,0.0,5,297199 89,0.0,4,146465 90,0.0,7,515263 91,0.0,7,444663 92,0.0,5,266334 93,0.0,7,557049 94,0.0,7,458956 95,0.2,8,454403 
96,0.0,6,195060 97,0.0,5,263369 98,0.0,5,266782 99,0.0,4,240716