0,0.581761,5,5638655 1,0.5864407,6,5574230 2,0.5058824,5,4820651 3,0.51111114,5,5307749 4,0.50574714,5,5213763 5,0.4883721,5,4856194 6,0.4680851,5,5099662 7,0.39112905,5,4902484 
8,0.4090909,5,5052388 9,0.39166668,5,5776328 10,0.42051283,6,6072706 11,0.41414142,6,6434867 12,0.3529412,5,4670615 13,0.32038835,5,5208657 14,0.30107528,5,4983762 15,0.29081634,5,4658716 
16,0.2990196,5,5686530 17,0.27586207,5,5788611 18,0.22340426,5,5059123 19,0.22674419,5,5286064 20,0.1878453,5,4610340 21,0.18023255,5,4406809 22,0.1875,5,5221776 23,0.20833333,5,5619798 
24,0.1875,5,4381914 25,0.25157234,6,5708853 26,0.24096386,5,5547011 27,0.23287672,6,5738093 28,0.0945946,5,5732656 29,0.1409396,5,5107872 30,0.078947365,4,3651661 31,0.12582782,5,5030975 
32,0.12426036,5,5679175 33,0.06790123,5,4954177 34,0.121212125,6,5329381 35,0.15328467,5,4250711 36,0.0729927,5,5143245 37,0.06993007,5,4476323 38,0.089655176,5,4613536 39,0.06153846,5,5845256 
40,0.031746034,5,5471204 41,0.091603056,5,4808248 42,0.06666667,5,4311209 43,0.045454547,5,5035627 44,0.09589041,5,6698374 45,0.04477612,5,5572863 46,0.033557046,5,5392851 47,0.03773585,4,4365956 
48,0.04477612,5,5028842 49,0.05,5,4427230 50,0.02112676,5,4289677 51,0.0397351,5,4895439 52,0.04137931,5,4794223 53,0.020134227,5,5134557 54,0.023255814,5,4939385 55,0.02173913,5,5556306 
56,0.007633588,5,5990016 57,0.03731343,5,4616121 58,0.05755396,5,5188221 59,0.022058824,5,5520445 60,0.013513514,5,5043168 61,0.007936508,5,4320310 62,0.025423728,6,5525468 63,0.04,5,5004554 
64,0.05,6,5704700 65,0.031007752,5,5866196 66,0.020547945,5,4807279 67,0.01459854,5,4773859 68,0.007751938,5,5815835 69,0.014814815,5,5564252 70,0.21259843,6,5647891 71,0.2635659,6,5323702 
72,0.234375,6,5281687 73,0.16513762,6,5936681 74,0.14173229,6,4697085 75,0.18181819,6,5129891 76,0.13513513,6,6510596 77,0.12149533,6,5443716 78,0.14754099,6,5615853 79,0.16521738,6,5085217 
80,0.14285715,6,5490468 81,0.15126051,6,5925088 82,0.12727273,6,5234731 83,0.1,6,5441787 84,0.125,6,5557072 85,0.067307696,6,5323629 86,0.08035714,6,4716821 87,0.09821428,6,5195302 
88,0.1,6,5649925 89,0.117117114,6,5142564 90,0.0776699,6,5175053 91,0.14516129,6,4936225 92,0.12745099,7,5398428 93,0.07377049,6,5431994 94,0.02970297,6,5621516 95,0.08943089,6,5085609 
96,0.030303031,6,4655798 97,0.072072074,6,4922832 98,0.061946902,6,4894248 99,0.04,6,5337379