Algorithm:LFU
0,0.031948883,0,0 1,0.042207792,0,0 2,0.01986755,0,0 3,0.031347964,0,0 4,0.025889968,0,0 5,0.05944056,0,0 6,0.019417476,0,0 7,0.032894738,0,0 
8,0.019292604,0,0 9,0.026229508,0,0 10,0.026402641,0,0 11,0.025889968,0,0 12,0.024054984,0,0 13,0.034602076,0,0 14,0.028753994,0,0 15,0.023890786,0,0 
16,0.01980198,0,0 17,0.034246575,0,0 18,0.037162162,0,0 19,0.029220778,0,0 
Algorithm:KNAPSACK
0,0.14696486,0,0 1,0.11038961,0,0 2,0.08940397,0,0 3,0.106583074,0,0 4,0.110032365,0,0 5,0.11888112,0,0 6,0.0776699,0,0 7,0.09539474,0,0 
8,0.10289389,0,0 9,0.11803278,0,0 10,0.089108914,0,0 11,0.11326861,0,0 12,0.096219935,0,0 13,0.09342561,0,0 14,0.12140575,0,0 15,0.13993174,0,0 
16,0.10231023,0,0 17,0.11643836,0,0 18,0.097972974,0,0 19,0.12987013,0,0 
Algorithm:GREEDY
0,0.115015976,0,0 1,0.064935066,0,0 2,0.059602648,0,0 3,0.053291537,0,0 4,0.080906145,0,0 5,0.09090909,0,0 6,0.051779937,0,0 7,0.069078945,0,0 
8,0.08360129,0,0 9,0.07540984,0,0 10,0.06270627,0,0 11,0.084142394,0,0 12,0.0790378,0,0 13,0.065743946,0,0 14,0.07348243,0,0 15,0.11945392,0,0 
16,0.06270627,0,0 17,0.07534247,0,0 18,0.07094595,0,0 19,0.071428575,0,0 
Algorithm:LRU
0,0.0031948881,0,0 1,0.012987013,0,0 2,0.01655629,0,0 3,0.012539185,0,0 4,0.006472492,0,0 5,0.0034965035,0,0 6,0.006472492,0,0 7,0.016447369,0,0 
8,0.012861736,0,0 9,0.006557377,0,0 10,0.013201321,0,0 11,0.009708738,0,0 12,0.0,0,0 13,0.010380623,0,0 14,0.0,0,0 15,0.0068259384,0,0 
16,0.0066006603,0,0 17,0.017123288,0,0 18,0.006756757,0,0 19,0.0064935065,0,0 
